3 Mos ended 6/30     6 Mos ended 6/30
				1996	1995	 1996     1995
Restaurant sales $4,752,965 $2,430,101 $7,848,484 $4,869,309
Franchise, development fees
			    237,000    232,832    756,125    883,832
  Royalty fees	  684,339    693,742  1,388,309  1,321,988
    Total revenue   5,674,304  3,356,675  9,992,918  7,075,129
  Net loss	   (3,684,131)  (442,599)(3,822,824) (655,247)
  Net after pfd divs(3,684,131) (496,959)(3,822,824) (765,029)
  Net loss per shr     $(0.85)    $(0.21)    $(0.88)   $(0.32)
   Shrs		  4,351,991   2,067,168 4,339,991 2,067,166