The following table provides the latest results of Intech Asset Consulting Pty's domestic and international asset allocation survey of 36 fund managers, in asset-weighted terms, as at July 31.
Reuters carries the monthly asset allocation survey on the 21st of each month, or the first working weekday after the 21st. (Asset-weighted averages expressed in percentage terms)
			 Domestic Allocation
---------------------------------------------------------------
------Equities----- ---Bonds----  Cash  --Property-- Venture
    Total Indust. Res. Nominal/Index	Direct/Listed Capital
---------------------------------------------------------------
Jul  36.0  23.5  12.5   16.7  4.0    8.2    6.6   4.2     1.1
Jun  36.9  23.8  13.1   16.4  3.9    7.5    6.3   4.2     1.1
May  37.2  23.4  13.8   16.6  3.9    7.2    6.2   3.9     1.2
Apr  37.9  23.6  14.3   15.9  3.5    6.8    6.9   3.8     1.0
Mar  37.6  23.7  13.9   15.8  3.5    6.7    7.5   3.6     1.0
Feb  38.1  24.5  13.6   16.4  4.0    5.6    6.6   4.1     1.1
Jan  38.4  24.9  13.5   16.1  4.0    5.2    6.7   4.0     1.1
Dec  38.6  24.7  13.9   16.0  4.0    5.3    6.8   3.9     1.1
Nov  38.7  24.9  13.8   16.3  3.9    5.0    6.9   3.8     1.2
Oct  38.5  24.9  13.6   16.4  3.9    5.5    7.1   3.8     1.2
Sep  39.2  25.2  14.0   16.4  3.4    5.0    8.0   3.4     1.0
Aug  39.5  25.1  14.4   17.0  3.4    4.5    8.1   3.3     1.1
Jul  38.8  24.8  14.0   16.9  3.4    4.9    8.1   3.2     1.1
Jun  37.6  24.7  12.9   18.2  3.5    4.5    8.1   3.2     1.1
May  37.5  24.7  12.8   18.2  3.6    4.6    8.2   3.2     1.0
Apr  38.0  24.7  13.3   18.7  3.4    5.4    8.1   3.1     1.1
Mar  37.2  24.6  12.6   19.7  3.4    5.0    8.2   3.1     1.1
Feb  37.6  24.5  13.1   19.2  3.4    5.3    7.9   3.4     1.1
			    Year Averages
1995 38.2  24.7  13.5   17.7  3.5    5.2    7.8   3.4     1.1
1994 38.2  25.0  13.2   16.6  3.5    6.6    6.5   3.1     1.1
1993 37.7  25.6  12.1   18.1  2.8    3.8    5.9   2.6     1.3
1992 36.6  23.8  12.8   20.9  0.2    4.5    7.6   2.3     1.6
1991 34.9  22.8  12.1   19.0  0.0    6.9    9.9   2.3     1.8
1990 30.8  18.8  12.0   21.0  N/A   12.6  11.8    2.6     2.0
		    International Allocation
---------------------------------------------------------------
	   Equities	Bonds     Cash	Property
---------------------------------------------------------------
    Jul   17.9	   4.5	 0.4	   0.3
    Jun   18.3	   4.6	 0.3	   0.3
    May   18.6	   4.6	 0.3	   0.3
    Apr   18.9	   4.6	 0.3	   0.3
    Mar   19.6	   4.2	 0.3	   0.2
    Feb   19.3	   4.4	 0.1	   0.3
    Jan   19.6	   4.7	 0.1	   0.3
    Dec   19.3	   4.7	-0.1	   0.3
    Nov   19.2	   4.7	-0.1	   0.3
    Oct   18.6	   4.6	 N/A	   0.3
    Sep   19.2	   4.0	 0.1	   0.3
    Aug   18.7	   4.0	 0.1	   0.3
    Jul   19.1	   3.8	 0.2	   0.3
    Jun   18.9	   4.3	 0.4	   0.3
    May   18.6	   4.4	 0.3	   0.3
    Apr   17.9	   4.0	 0.3	   0.3
    Mar   18.0	   4.0	 N/A	   0.3
    Feb   17.1	   4.7	 N/A	   0.3
    Jan   16.9	   3.7	 0.1	   0.3
			 Year Averages
    1995  18.5	   4.2	 N/A	   0.3
    1994  18.7	   5.3	 0.1	   0.3
    1993  19.0	   8.2	 0.1	   0.4
    1992  18.8	   6.9	 0.3	   0.3
    1991  18.3	   6.1	 0.5	   0.3
    1990  14.7	   3.1	 1.1	   0.2
-- Sydney Newsroom 61-2 373 1800